% Set up aerodata for Saab J35J Draken

global ca0dat cd0dat cdidat cladat dtadat etadat xbmdat
global sref tepsr xtpref xtpfpl rmfpl rmfull qmax

sref=50.0;            % Reference wing area in m*m
tepsr=-5.0*pi/180;    % Thrust installation angle in radians (5 degrees)
xtpref=10.15;         % Reference c.g. position

% Clean aircraft
%  SFI IV 61:     8165+130+90+60
%  F10 standard:  8165+130+90

xtpfpl=9.99;       % Empty aircraft c.g. postion (m)
rmfpl=8385.0;      % Empty aircraft mass (kg)
rmfull=2323.0;     % Maximum internal fuel mass

qmax=86133;        % Maximum dynamic pressure allowed

ca0dat=[
0.0D0  1.70
0.50   1.10
1.00   0.60
1.20   0.40
1.50   0.20
2.00   0.10];

cd0dat=[
 0.00 0.45
 0.91 0.45
 0.93 0.46
 0.94 0.48
 0.95 0.52
 0.96 0.60
 0.98 0.835
 0.99 0.92
 1.00 0.985
 1.01 1.025
 1.03 1.0625
 1.06 1.09
 1.10 1.10
 1.20 1.085
 1.30 1.06
 1.50 1.02
 1.80 0.97
 2.00 0.94];

cdidat=[
 0.00  0.37   0.42   0.45   0.467  0.477  0.479 
 0.88  0.37   0.42   0.45   0.467  0.477  0.479 
 0.91  0.37   0.454  0.487  0.508  0.527  0.539 
 0.92  0.375  0.477  0.506  0.527  0.555  0.571
 0.93  0.412  0.501  0.531  0.550  0.567  0.580
 0.95  0.475  0.531  0.553  0.567  0.581  0.585
 0.97  0.495  0.538  0.559  0.572  0.583  0.586
 1.00  0.525  0.555  0.573  0.584  0.590  0.592
 1.10  0.593  0.602  0.608  0.612  0.616  0.616
 1.20  0.650  0.650  0.650  0.650  0.650  0.650
 1.40  0.734  0.734  0.734  0.734  0.734  0.734
 1.60  0.824  0.824  0.824  0.824  0.824  0.824
 2.00  1.034  1.034  1.034  1.034  1.034  1.034];

cladat=[
0.00  0.037 
0.50  0.037 
1.00  0.035 
1.20  0.031 
1.50  0.027 
2.00  0.022];

dtadat=[
    1    0.1700    0.8800    0.0000
    1    0.1700    0.9100    0.0000
    1    0.1700    0.9200    0.0000
    1    0.1700    0.9300    0.0000
    1    0.1700    0.9500    0.0000
    1    0.1700    0.9700    0.0000
    1    0.1700    1.0000    0.0000
    1    0.1700    1.1000    0.0000
    1    0.1700    1.2000    0.0000
    0    0.2500    0.8800    0.0500
    0    0.2500    0.9100    0.0840
    0    0.2500    0.9200    0.1020
    0    0.2500    0.9300    0.0890
    0    0.2500    0.9500    0.0560
    0    0.2500    0.9700    0.0430
    0    0.2500    1.0000    0.0300
    0    0.2500    1.1000    0.0090
    0    0.2500    1.2000    0.0000
    0    0.3500    0.8800    0.0800
    0    0.3500    0.9100    0.1170
    0    0.3500    0.9200    0.1310
    0    0.3500    0.9300    0.1190
    0    0.3500    0.9500    0.0780
    0    0.3500    0.9700    0.0640
    0    0.3500    1.0000    0.0480
    0    0.3500    1.1000    0.0150
    0    0.3500    1.2000    0.0000
    0    0.4500    0.8800    0.0970
    0    0.4500    0.9100    0.1380
    0    0.4500    0.9200    0.1520
    0    0.4500    0.9300    0.1380
    0    0.4500    0.9500    0.0920
    0    0.4500    0.9700    0.0770
    0    0.4500    1.0000    0.0590
    0    0.4500    1.1000    0.0190
    0    0.4500    1.2000    0.0000
    0    0.6500    0.8800    0.1070
    0    0.6500    0.9100    0.1570
    0    0.6500    0.9200    0.1800
    0    0.6500    0.9300    0.1550
    0    0.6500    0.9500    0.1060
    0    0.6500    0.9700    0.0880
    0    0.6500    1.0000    0.0650
    0    0.6500    1.1000    0.0230
    0    0.6500    1.2000    0.0000
    0    1.0000    0.8800    0.1090
    0    1.0000    0.9100    0.1690
    0    1.0000    0.9200    0.1960
    0    1.0000    0.9300    0.1680
    0    1.0000    0.9500    0.1100
    0    1.0000    0.9700    0.0910
    0    1.0000    1.0000    0.0670
    0    1.0000    1.1000    0.0230
    0    1.0000    1.2000    0.0000
    11   0.1700    0.8800    0.0000
    21   0.1700    0.8800    0.0000
    11   0.1700    0.9100    0.0000
    11   0.1700    0.9200    0.0000
    11   0.1700    0.9300    0.0000
    11   0.1700    0.9500    0.0000
    11   0.1700    0.9700    0.0000
    11   0.1700    1.0000    0.0000
    11   0.1700    1.1000    0.0000
    11   0.1700    1.2000    0.0000
    21   0.1700    1.2000    0.0000
    21   0.2500    0.8800    0.0000
    21   0.2500    1.2000    0.0000
    21   0.3500    0.8800    0.0000
    21   0.3500    1.2000    0.0000
    21   0.4500    0.8800    0.0000
    21   0.4500    1.2000    0.0000
    21   0.6500    0.8800    0.0000
    21   0.6500    1.2000    0.0000
    21   1.0000    0.8800    0.0000
    21   1.0000    1.2000    0.0000];


etadat=[
 0.00  0.370 0.370 0.370
 0.91  0.370 0.370 0.370
 0.92  0.375 0.375 0.375
 0.93  0.412 0.412 0.412
 0.95  0.475 0.475 0.475
 0.97  0.4955 0.495 0.4945
 1.00  0.529 0.525 0.521
 1.025 0.548 0.542 0.536
 1.10  0.606 0.593 0.579 
 1.20  0.670 0.650 0.630 
 1.40  0.765 0.734 0.703 
 1.60  0.864 0.824 0.780 
 2.00  1.089 1.034 0.979];

xbmdat=[
       0.0       0.0
     696.9    7621.0
    1161.5   12531.0
    1393.8   14876.0
    1626.1   17221.0
    1858.4   19507.0
    2090.7   21793.0
    2323.0   24079.0];
