% Set up aerodata for Saab J35J Draken

global ca0dat cd0dat cdidat cladat dtadat etadat xbmdat
global cdtab cltab cmtab
global sref tepsr xtpref xtpfpl rmfpl rmfull qmax

sref=50.0;            % Reference wing area in m*m
tepsr=-5.0*pi/180;    % Thrust installation angle in radians (5 degrees)
xtpref=10.15;         % Reference c.g. position

% Clean aircraft
%  SFI IV 61:     8165+130+90+60
%  F10 standard:  8165+130+90

xtpfpl=9.99;       % Empty aircraft c.g. postion (m)
rmfpl=8385.0;      % Empty aircraft mass (kg)
rmfull=2323.0;     % Maximum internal fuel mass

qmax=86133;        % Maximum dynamic pressure allowed

ca0dat=[
0.0D0  1.70
0.50   1.10
1.00   0.60
1.20   0.40
1.50   0.20
2.00   0.10];

cd0dat=[
 0.00 0.45
 0.91 0.45
 0.93 0.46
 0.94 0.48
 0.95 0.52
 0.96 0.60
 0.98 0.835
 0.99 0.92
 1.00 0.985
 1.01 1.025
 1.03 1.0625
 1.06 1.09
 1.10 1.10
 1.20 1.085
 1.30 1.06
 1.50 1.02
 1.80 0.97
 2.00 0.94];

cdidat=[
 0.00  0.37   0.42   0.45   0.467  0.477  0.479 
 0.88  0.37   0.42   0.45   0.467  0.477  0.479 
 0.91  0.37   0.454  0.487  0.508  0.527  0.539 
 0.92  0.375  0.477  0.506  0.527  0.555  0.571
 0.93  0.412  0.501  0.531  0.550  0.567  0.580
 0.95  0.475  0.531  0.553  0.567  0.581  0.585
 0.97  0.495  0.538  0.559  0.572  0.583  0.586
 1.00  0.525  0.555  0.573  0.584  0.590  0.592
 1.10  0.593  0.602  0.608  0.612  0.616  0.616
 1.20  0.650  0.650  0.650  0.650  0.650  0.650
 1.40  0.734  0.734  0.734  0.734  0.734  0.734
 1.60  0.824  0.824  0.824  0.824  0.824  0.824
 2.00  1.034  1.034  1.034  1.034  1.034  1.034];

cladat=[
0.00  0.037 
0.50  0.037 
1.00  0.035 
1.20  0.031 
1.50  0.027 
2.00  0.022];

dtadat=[
    1    0.1700    0.8800    0.0000
    1    0.1700    0.9100    0.0000
    1    0.1700    0.9200    0.0000
    1    0.1700    0.9300    0.0000
    1    0.1700    0.9500    0.0000
    1    0.1700    0.9700    0.0000
    1    0.1700    1.0000    0.0000
    1    0.1700    1.1000    0.0000
    1    0.1700    1.2000    0.0000
    0    0.2500    0.8800    0.0500
    0    0.2500    0.9100    0.0840
    0    0.2500    0.9200    0.1020
    0    0.2500    0.9300    0.0890
    0    0.2500    0.9500    0.0560
    0    0.2500    0.9700    0.0430
    0    0.2500    1.0000    0.0300
    0    0.2500    1.1000    0.0090
    0    0.2500    1.2000    0.0000
    0    0.3500    0.8800    0.0800
    0    0.3500    0.9100    0.1170
    0    0.3500    0.9200    0.1310
    0    0.3500    0.9300    0.1190
    0    0.3500    0.9500    0.0780
    0    0.3500    0.9700    0.0640
    0    0.3500    1.0000    0.0480
    0    0.3500    1.1000    0.0150
    0    0.3500    1.2000    0.0000
    0    0.4500    0.8800    0.0970
    0    0.4500    0.9100    0.1380
    0    0.4500    0.9200    0.1520
    0    0.4500    0.9300    0.1380
    0    0.4500    0.9500    0.0920
    0    0.4500    0.9700    0.0770
    0    0.4500    1.0000    0.0590
    0    0.4500    1.1000    0.0190
    0    0.4500    1.2000    0.0000
    0    0.6500    0.8800    0.1070
    0    0.6500    0.9100    0.1570
    0    0.6500    0.9200    0.1800
    0    0.6500    0.9300    0.1550
    0    0.6500    0.9500    0.1060
    0    0.6500    0.9700    0.0880
    0    0.6500    1.0000    0.0650
    0    0.6500    1.1000    0.0230
    0    0.6500    1.2000    0.0000
    0    1.0000    0.8800    0.1090
    0    1.0000    0.9100    0.1690
    0    1.0000    0.9200    0.1960
    0    1.0000    0.9300    0.1680
    0    1.0000    0.9500    0.1100
    0    1.0000    0.9700    0.0910
    0    1.0000    1.0000    0.0670
    0    1.0000    1.1000    0.0230
    0    1.0000    1.2000    0.0000
    11   0.1700    0.8800    0.0000
    21   0.1700    0.8800    0.0000
    11   0.1700    0.9100    0.0000
    11   0.1700    0.9200    0.0000
    11   0.1700    0.9300    0.0000
    11   0.1700    0.9500    0.0000
    11   0.1700    0.9700    0.0000
    11   0.1700    1.0000    0.0000
    11   0.1700    1.1000    0.0000
    11   0.1700    1.2000    0.0000
    21   0.1700    1.2000    0.0000
    21   0.2500    0.8800    0.0000
    21   0.2500    1.2000    0.0000
    21   0.3500    0.8800    0.0000
    21   0.3500    1.2000    0.0000
    21   0.4500    0.8800    0.0000
    21   0.4500    1.2000    0.0000
    21   0.6500    0.8800    0.0000
    21   0.6500    1.2000    0.0000
    21   1.0000    0.8800    0.0000
    21   1.0000    1.2000    0.0000];


etadat=[
 0.00  0.370 0.370 0.370
 0.91  0.370 0.370 0.370
 0.92  0.375 0.375 0.375
 0.93  0.412 0.412 0.412
 0.95  0.475 0.475 0.475
 0.97  0.4955 0.495 0.4945
 1.00  0.529 0.525 0.521
 1.025 0.548 0.542 0.536
 1.10  0.606 0.593 0.579 
 1.20  0.670 0.650 0.630 
 1.40  0.765 0.734 0.703 
 1.60  0.864 0.824 0.780 
 2.00  1.089 1.034 0.979];

xbmdat=[
       0.0       0.0
     696.9    7621.0
    1161.5   12531.0
    1393.8   14876.0
    1626.1   17221.0
    1858.4   19507.0
    2090.7   21793.0
    2323.0   24079.0];

cdtab=[
   -50    0.7919    0.7131    0.6895
   -45    0.8816    0.7923    0.7659
   -40    0.9072    0.8047    0.7673
   -35    0.8496    0.7006    0.6548
   -30    0.7071    0.5618    0.5077
   -25    0.5086    0.3869    0.3355
   -20    0.3422    0.2384    0.1953
   -15    0.2141    0.1315    0.1023
   -10    0.1213    0.0510    0.0454
    -5    0.0685    0.0260    0.0204
     0    0.0367    0.0075    0.0127
     5    0.0187    0.0140    0.0282
    10    0.0305    0.0481    0.0707
    15    0.0761    0.1218    0.1535
    20    0.1525    0.2351    0.2698
    25    0.2597    0.3805    0.4301
    30    0.4022    0.5497    0.6188
    35    0.5726    0.7063    0.7677
    40    0.7387    0.8335    0.8656
    45    0.8591    0.9188    0.9408
    50    0.8606    0.9188    0.9408
    55    0.7783    0.8503    0.8926
    60    0.7974    0.8838    0.9224
    65    0.8239    0.9272    0.9493
    70    0.8532    0.9621    0.9805
    75    0.8841    0.9859    1.0004
    80    0.9093    1.0002    1.0165
    85    0.9317    1.0146    1.0314
    90    0.9469    1.0222    1.0304
    95    0.9517    1.0197    1.0314
   100    0.9526    1.0163    1.0245
   105    0.9534    1.0078    1.0086
   110    0.9221    0.9697    0.9828
   115    0.8860    0.9147    0.9311
   120    0.8347    0.8571    0.8656
   125    0.7762    0.7927    0.8010
   130    0.7153    0.7258    0.7265
   135    0.6536    0.6521    0.6491
   140    0.5878    0.5776    0.5706];

% CL de=-25 0 10 grader
cltab=[
   -50   -0.6491   -0.6094   -0.6011
   -45   -0.8612   -0.8146   -0.7940
   -40   -1.0588   -0.9751   -0.9234
   -35   -1.1712   -1.0461   -0.9846
   -30   -1.2056   -1.0435   -0.9258
   -25   -1.0533   -0.8856   -0.7705
   -20   -0.9047   -0.7146   -0.5823
   -15   -0.7361   -0.5331   -0.4153
   -10   -0.5694   -0.3542   -0.2365
    -5   -0.4080   -0.1911   -0.0648
     0   -0.2539   -0.0216    0.1072
     5   -0.0986    0.1510    0.2679
    10    0.0733    0.3356    0.4429
    15    0.2535    0.5281    0.6200
    20    0.4212    0.7206    0.8026
    25    0.5868    0.8972    0.9851
    30    0.7442    1.0579    1.1488
    35    0.8829    1.0797    1.1703
    40    0.9534    1.0321    1.1032
    45    0.9326    0.9488    0.9958
    50    0.7877    0.8357    0.8536
    55    0.6013    0.6471    0.6764
    60    0.5019    0.5459    0.5690
    65    0.4253    0.4666    0.4858
    70    0.3487    0.3812    0.3973
    75    0.2783    0.2979    0.3087
    80    0.2162    0.2046    0.2201
    85    0.1441    0.1172    0.1373
    90    0.0645    0.0296    0.0507
    95   -0.0137   -0.0549   -0.0374
   100   -0.0918   -0.1380   -0.1271
   105   -0.1699   -0.2210   -0.2137
   110   -0.2481   -0.2994   -0.3003
   115   -0.3202   -0.3701   -0.3729
   120   -0.3758   -0.4301   -0.4348
   125   -0.4314   -0.4854   -0.4951
   130   -0.4795   -0.5315   -0.5507
   135   -0.5215   -0.5746   -0.6002
   140   -0.5561   -0.6099   -0.6419];

% Cm around xref=10000 de=-25 0 +10
