% Initialize rm6c model for Saab J35J Draken
global rm6 mrm6 arm6
mrm6(1,1:22)=0:0.1:2.1;
arm6(1,1:17)=0:1:16;
%load rm6.dat
rm6=[    39226.61544    39618.72596    40401.43414    41339.50941    42550.98121    44121.66749    45655.28018    46818.76780    48014.13137    49627.93101    51249.91070    52367.69128    52857.21703    52782.58627    52572.18998    52607.66748    52719.35899    52685.69026    52628.72842    52679.84787    52664.01080    52329.57632
    35026.08787    35761.82181    36710.05999    37699.11337    38883.14637    40392.85696    41939.22388    43253.12470    44564.75147    46115.03505    47688.54707    48967.63685    49682.12381    49716.34397    49525.22972    49557.20009    49664.02427    49631.03801    49574.49315    49620.44206    49603.22300    49284.24570
    30986.11536    31991.11970    33080.98662    34123.92119    35286.73443    36729.24153    38284.66848    39760.11729    41184.78330    42636.86671    44168.49389    45705.56977    46695.18731    46731.43118    46475.16485    46608.62182    46832.73680    46762.84472    46653.17993    46763.39399    46735.90801    46058.83544
    27782.18537    28845.70521    29903.74205    30948.81757    32083.88884    33404.88264    34869.16933    36401.21484    37932.42385    39427.92475    40980.80191    42594.92194    43789.32458    44170.05363    44175.99598    44306.14342    44467.06396    44489.01566    44489.44046    44587.99128    44625.98113    44375.13803
    24969.45410    25990.61766    26988.83166    28011.99287    29115.99747    30349.86879    31727.13952    33240.35955    34833.63823    36449.66143    38073.86154    39657.52905    40972.64027    41809.99449    42214.99706    42321.26162    42360.62889    42517.27197    42686.46637    42758.49722    42892.58564    43315.18674
    22014.92960    23027.32406    24090.63202    25103.89993    26178.11007    27435.66011    28832.67357    30306.96756    31889.40791    33598.91791    35313.60206    36893.13602    38264.29897    39353.16013    40015.84544    40192.33440    40227.96403    40449.49364    40704.01413    40818.50235    41019.14742    41631.94154
    19153.35843    20177.04836    21318.02727    22320.73592    23360.67941    24643.17620    26061.73402    27489.87773    29033.01164    30787.13763    32578.76842    34204.72087    35612.51746    36762.37209    37514.55878    37797.87890    37915.18321    38164.38017    38449.55968    38643.93044    38890.99480    39401.82854
    16697.58158    17709.81328    18808.48633    19780.61484    20776.70775    21975.89813    23308.32072    24687.53402    26209.78985    27958.39069    29782.14836    31487.77659    32948.08747    34064.63271    34787.82417    35135.41962    35345.70048    35641.44076    35962.86104    36224.42430    36520.11637    36988.80383
    14505.07910    15471.07971    16459.30981    17383.57378    18333.99248    19418.09346    20636.71463    21977.37809    23481.03245    25172.65172    26959.88489    28704.62276    30203.04822    31282.75226    31962.66609    32338.35114    32620.54930    32986.60410    33365.08507    33672.16944    34023.23919    34583.47747
    12370.79333    13256.24042    14144.02090    15008.44821    15917.75680    16949.38026    18123.62756    19444.68148    20909.34454    22504.60994    24185.61367    25869.68124    27354.75346    28454.28992    29163.21008    29560.96868    29883.70180    30328.42862    30779.01940    31116.84157    31526.40020    32267.98476
    10294.87667    11084.97749    11881.20135    12667.34385    13528.13210    14549.99208    15725.21376    17027.03767    18446.64250    19971.90870    21559.58569    23138.95621    24560.56732    25679.99273    26451.64849    26905.29971    27273.26534    27759.57235    28252.52601    28635.53421    29088.13720    29863.90830
     8348.54156     9044.73518     9744.50811    10427.67444    11213.76633    12215.38860    13377.71847    14629.57858    16001.80079    17519.58499    19083.59383    20570.81509    21888.07430    22961.87451    23767.59109    24322.43041    24762.05041    25217.87043    25685.90388    26139.99505    26600.71757    27100.32744
     6682.03049     7269.71691     7882.84026     8444.81520     9102.46543    10001.31853    11058.30857    12175.26782    13422.21502    14859.29661    16338.98336    17691.49589    18865.72983    19843.82844    20622.25035    21211.94942    21667.54478    22057.76687    22464.12577    22933.17051    23358.82607    23596.86144
     5372.05599     5824.73525     6366.16358     6799.81115     7270.37756     7948.43781     8766.83907     9637.58992    10627.07233    11793.59410    13008.79281    14126.60910    15116.86573    15969.98238    16642.88407    17111.64322    17462.41637    17792.84261    18136.40698    18500.02330    18848.47455    19136.01104
     4122.18059     4450.28002     4873.46861     5188.42491     5507.86178     5976.74224     6552.99592     7174.28119     7884.20491     8721.97834     9603.28157    10431.38463    11183.44840    11843.52350    12349.32856    12663.58739    12895.37651    13156.61747    13424.25930    13662.38249    13918.56591    14261.26304
     2681.71505     2920.75426     3150.22591     3365.21744     3628.47604     3995.84952     4427.92853     4880.35567     5384.23839     5966.96882     6565.61298     7108.07231     7575.91595     7965.27797     8276.88435     8516.69531     8707.01624     8873.86388     9041.75523     9224.93068     9398.02381     9525.76651
     1356.11302     1470.53652     1598.80140     1705.22551     1824.36316     1994.52481     2198.80910     2415.68655     2660.32704     2946.20898     3243.34557     3517.38225     3759.95854     3967.56851     4130.13027     4242.94250     4329.40208     4414.42603     4500.91376     4586.89818     4672.96396     4760.33371
    51896.11634    54869.27435    57871.85986    60787.69772    63716.50733    66753.58725    69760.65834    72732.51134    76429.79449    81542.72351    87713.92662    94120.08407    99121.67186   101460.49823   102219.90479   102706.11182   102775.32099   102117.68374   101209.16950   100481.80294    99406.01186    97211.82481
    45787.29494    48592.38767    51804.91923    55207.67413    58587.33759    61770.81746    64742.01152    67661.70080    71241.20969    76067.29689    81677.91513    87261.70099    91658.83250    94008.57925    94995.03575    95480.18673    95492.75299    94947.31861    94135.18487    93325.71778    92323.82499    90818.29955
    39732.79298    42971.86538    46458.01519    49825.80368    53244.80058    56882.88291    60366.14860    63449.73337    66946.70337    71569.44062    76569.66035    80965.85881    84304.32321    86403.75633    87644.73244    88395.75168    88415.14633    87536.17922    86502.00333    85885.76053    84670.65818    81442.42000
    34661.10853    37991.26069    41414.62955    44695.71987    48055.77149    51699.47001    55308.54906    58641.36769    62285.73875    66751.59635    71407.90603    75471.11294    78688.54936    80952.20975    82201.85029    82475.43363    82155.98678    81626.79597    80927.12006    80042.09072    79084.35816    78198.45224
    30270.89976    33430.87885    36654.34968    39850.04862    43105.92561    46508.21748    49957.09507    53402.48235    57179.38166    61551.24728    66110.26271    70334.14474    73914.01416    76567.69995    77906.45984    77799.14521    77251.55333    77155.34737    76808.70825    75596.48647    74843.69312    76360.37942
    26072.49151    29072.35215    32213.61946    35281.91734    38381.74259    41636.78257    44928.61364    48194.50630    51836.61850    56179.74845    60774.36805    65057.03795    68783.00013    71748.10072    73591.92101    74114.23838    73911.87951    73586.42149    72961.39362    71833.12471    70667.18944    70096.47396
